-2 34 0
2 -34 0
-8 40 0
8 -40 0
-14 46 0
14 -46 0
-20 52 0
20 -52 0
-26 58 0
26 -58 0
-32 64 0
32 -64 0
-38 70 0
38 -70 0
-44 76 0
44 -76 0
-50 82 0
50 -82 0
-56 88 0
56 -88 0
-62 94 0
62 -94 0
-68 100 0
68 -100 0
-74 106 0
74 -106 0
-80 112 0
80 -112 0
-86 118 0
86 -118 0
-92 124 0
92 -124 0
-98 130 0
98 -130 0
-104 136 0
104 -136 0
-110 142 0
110 -142 0
-116 148 0
116 -148 0
-1 9 0
1 -9 0
-7 15 0
7 -15 0
-13 21 0
13 -21 0
-19 27 0
19 -27 0
-31 39 0
31 -39 0
-37 45 0
37 -45 0
-43 51 0
43 -51 0
-49 57 0
49 -57 0
-61 69 0
61 -69 0
-67 75 0
67 -75 0
-73 81 0
73 -81 0
-79 87 0
79 -87 0
-91 99 0
91 -99 0
-97 105 0
97 -105 0
-103 111 0
103 -111 0
-109 117 0
109 -117 0
-121 129 0
121 -129 0
-127 135 0
127 -135 0
-133 141 0
133 -141 0
-139 147 0
139 -147 0
1 3 2 4 0
7 9 8 10 0
-13 -15 -14 16 0
-13 -15 -16 14 0
-13 -14 -16 15 0
-15 -14 -16 13 0
-19 -21 20 22 0
-19 -20 21 22 0
-19 -22 21 20 0
-21 -20 19 22 0
-21 -22 19 20 0
-20 -22 19 21 0
25 27 26 28 0
-31 -33 32 34 0
-31 -32 33 34 0
-31 -34 33 32 0
-33 -32 31 34 0
-33 -34 31 32 0
-32 -34 31 33 0
-37 -39 38 40 0
-37 -38 39 40 0
-37 -40 39 38 0
-39 -38 37 40 0
-39 -40 37 38 0
-38 -40 37 39 0
-43 -45 44 46 0
-43 -44 45 46 0
-43 -46 45 44 0
-45 -44 43 46 0
-45 -46 43 44 0
-44 -46 43 45 0
49 51 50 52 0
-55 -57 -56 58 0
-55 -57 -58 56 0
-55 -56 -58 57 0
-57 -56 -58 55 0
-61 0
-63 0
-62 0
-64 0
67 69 68 70 0
73 75 74 76 0
79 81 80 82 0
-79 -80 0
-79 -81 0
-79 -82 0
-80 -81 0
-80 -82 0
-81 -82 0
85 87 86 88 0
-91 -93 92 94 0
-91 -92 93 94 0
-91 -94 93 92 0
-93 -92 91 94 0
-93 -94 91 92 0
-92 -94 91 93 0
97 99 98 100 0
-103 -105 104 106 0
-103 -104 105 106 0
-103 -106 105 104 0
-105 -104 103 106 0
-105 -106 103 104 0
-104 -106 103 105 0
109 111 110 112 0
115 117 116 118 0
121 123 122 124 0
-127 -129 128 130 0
-127 -128 129 130 0
-127 -130 129 128 0
-129 -128 127 130 0
-129 -130 127 128 0
-128 -130 127 129 0
-133 -135 -134 136 0
-133 -135 -136 134 0
-133 -134 -136 135 0
-135 -134 -136 133 0
-139 -141 140 142 0
-139 -140 141 142 0
-139 -142 141 140 0
-141 -140 139 142 0
-141 -142 139 140 0
-140 -142 139 141 0
-145 -147 -146 148 0
-145 -147 -148 146 0
-145 -146 -148 147 0
-147 -146 -148 145 0
34 35 0
-34 -35 0
40 41 0
-40 -41 0
46 47 0
-46 -47 0
52 53 0
-52 -53 0
58 59 0
-58 -59 0
122 125 0
-122 -125 0
128 131 0
-128 -131 0
134 137 0
-134 -137 0
140 143 0
-140 -143 0
146 149 0
-146 -149 0
9 11 0
-9 -11 0
39 41 0
-39 -41 0
69 71 0
-69 -71 0
99 101 0
-99 -101 0
129 131 0
-129 -131 0
25 29 0
-25 -29 0
55 59 0
-55 -59 0
85 89 0
-85 -89 0
115 119 0
-115 -119 0
145 149 0
-145 -149 0
41 0
37 -47 0
38 -71 0
39 -35 0
40 -11 0
37 -47 41 0
38 -71 41 0
39 -35 41 0
40 -11 41 0
47 0
43 -53 0
44 -77 0
45 -41 0
46 -17 0
43 -53 47 0
44 -77 47 0
45 -41 47 0
46 -17 47 0
53 0
49 -59 0
50 -83 0
51 -47 0
52 -23 0
49 -59 53 0
50 -83 53 0
51 -47 53 0
52 -23 53 0
71 0
67 -77 0
68 -101 0
69 -65 0
70 -41 0
67 -77 71 0
68 -101 71 0
69 -65 71 0
70 -41 71 0
77 0
73 -83 0
74 -107 0
75 -71 0
76 -47 0
73 -83 77 0
74 -107 77 0
75 -71 77 0
76 -47 77 0
83 0
79 -89 0
80 -113 0
81 -77 0
82 -53 0
79 -89 83 0
80 -113 83 0
81 -77 83 0
82 -53 83 0
101 0
97 -107 0
98 -131 0
99 -95 0
100 -71 0
97 -107 101 0
98 -131 101 0
99 -95 101 0
100 -71 101 0
107 0
103 -113 0
104 -137 0
105 -101 0
106 -77 0
103 -113 107 0
104 -137 107 0
105 -101 107 0
106 -77 107 0
113 0
109 -119 0
110 -143 0
111 -107 0
112 -83 0
109 -119 113 0
110 -143 113 0
111 -107 113 0
112 -83 113 0
-6 2 7 0
-6 3 11 0
-7 8 8 0
-7 10 6 0
-7 9 12 0
-8 14 9 0
-8 16 7 0
-8 15 13 0
-9 20 10 0
-9 22 8 0
-9 21 14 0
-10 28 9 0
-10 27 15 0
-11 31 6 0
-11 32 12 0
-11 33 16 0
-12 37 7 0
-12 38 13 0
-12 40 11 0
-12 39 17 0
-13 43 8 0
-13 44 14 0
-13 46 12 0
-13 45 18 0
-14 49 9 0
-14 50 15 0
-14 52 13 0
-14 51 19 0
-15 55 10 0
-15 58 14 0
-15 57 20 0
-16 61 11 0
-16 62 17 0
-16 63 21 0
-17 67 12 0
-17 68 18 0
-17 70 16 0
-17 69 22 0
-18 73 13 0
-18 74 19 0
-18 76 17 0
-18 75 23 0
-19 79 14 0
-19 80 20 0
-19 82 18 0
-19 81 24 0
-20 85 15 0
-20 88 19 0
-20 87 25 0
-21 91 16 0
-21 92 22 0
-21 93 26 0
-22 97 17 0
-22 98 23 0
-22 100 21 0
-22 99 27 0
-23 103 18 0
-23 104 24 0
-23 106 22 0
-23 105 28 0
-24 109 19 0
-24 110 25 0
-24 112 23 0
-24 111 29 0
-25 115 20 0
-25 118 24 0
-25 117 30 0
-26 121 21 0
-26 122 27 0
-27 127 22 0
-27 128 28 0
-27 130 26 0
-28 133 23 0
-28 134 29 0
-28 136 27 0
-29 139 24 0
-29 140 30 0
-29 142 28 0
-30 145 25 0
-30 148 29 0
-12 2 13 0
-12 3 17 0
-13 8 14 0
-13 10 12 0
-13 9 18 0
-14 14 15 0
-14 16 13 0
-14 15 19 0
-15 20 16 0
-15 22 14 0
-15 21 20 0
-16 28 15 0
-16 27 21 0
-17 31 12 0
-17 32 18 0
-17 33 22 0
-18 37 13 0
-18 38 19 0
-18 40 17 0
-18 39 23 0
-19 43 14 0
-19 44 20 0
-19 46 18 0
-19 45 24 0
-20 49 15 0
-20 50 21 0
-20 52 19 0
-20 51 25 0
-21 55 16 0
-21 58 20 0
-21 57 26 0
-22 61 17 0
-22 62 23 0
-22 63 27 0
-23 67 18 0
-23 68 24 0
-23 70 22 0
-23 69 28 0
-24 73 19 0
-24 74 25 0
-24 76 23 0
-24 75 29 0
-25 79 20 0
-25 80 26 0
-25 82 24 0
-25 81 30 0
-26 85 21 0
-26 88 25 0
-26 87 31 0
-27 91 22 0
-27 92 28 0
-27 93 32 0
-28 97 23 0
-28 98 29 0
-28 100 27 0
-28 99 33 0
-29 103 24 0
-29 104 30 0
-29 106 28 0
-29 105 34 0
-30 109 25 0
-30 110 31 0
-30 112 29 0
-30 111 35 0
-31 115 26 0
-31 118 30 0
-31 117 36 0
-32 121 27 0
-32 122 33 0
-33 127 28 0
-33 128 34 0
-33 130 32 0
-34 133 29 0
-34 134 35 0
-34 136 33 0
-35 139 30 0
-35 140 36 0
-35 142 34 0
-36 145 31 0
-36 148 35 0
-18 2 19 0
-18 3 23 0
-19 8 20 0
-19 10 18 0
-19 9 24 0
-20 14 21 0
-20 16 19 0
-20 15 25 0
-21 20 22 0
-21 22 20 0
-21 21 26 0
-22 28 21 0
-22 27 27 0
-23 31 18 0
-23 32 24 0
-23 33 28 0
-24 37 19 0
-24 38 25 0
-24 40 23 0
-24 39 29 0
-25 43 20 0
-25 44 26 0
-25 46 24 0
-25 45 30 0
-26 49 21 0
-26 50 27 0
-26 52 25 0
-26 51 31 0
-27 55 22 0
-27 58 26 0
-27 57 32 0
-28 61 23 0
-28 62 29 0
-28 63 33 0
-29 67 24 0
-29 68 30 0
-29 70 28 0
-29 69 34 0
-30 73 25 0
-30 74 31 0
-30 76 29 0
-30 75 35 0
-31 79 26 0
-31 80 32 0
-31 82 30 0
-31 81 36 0
-32 85 27 0
-32 88 31 0
-32 87 37 0
-33 91 28 0
-33 92 34 0
-33 93 38 0
-34 97 29 0
-34 98 35 0
-34 100 33 0
-34 99 39 0
-35 103 30 0
-35 104 36 0
-35 106 34 0
-35 105 40 0
-36 109 31 0
-36 110 37 0
-36 112 35 0
-36 111 41 0
-37 115 32 0
-37 118 36 0
-37 117 42 0
-38 121 33 0
-38 122 39 0
-39 127 34 0
-39 128 40 0
-39 130 38 0
-40 133 35 0
-40 134 41 0
-40 136 39 0
-41 139 36 0
-41 140 42 0
-41 142 40 0
-42 145 37 0
-42 148 41 0
-24 2 25 0
-24 3 29 0
-25 8 26 0
-25 10 24 0
-25 9 30 0
-26 14 27 0
-26 16 25 0
-26 15 31 0
-27 20 28 0
-27 22 26 0
-27 21 32 0
-28 28 27 0
-28 27 33 0
-29 31 24 0
-29 32 30 0
-29 33 34 0
-30 37 25 0
-30 38 31 0
-30 40 29 0
-30 39 35 0
-31 43 26 0
-31 44 32 0
-31 46 30 0
-31 45 36 0
-32 49 27 0
-32 50 33 0
-32 52 31 0
-32 51 37 0
-33 55 28 0
-33 58 32 0
-33 57 38 0
-34 61 29 0
-34 62 35 0
-34 63 39 0
-35 67 30 0
-35 68 36 0
-35 70 34 0
-35 69 40 0
-36 73 31 0
-36 74 37 0
-36 76 35 0
-36 75 41 0
-37 79 32 0
-37 80 38 0
-37 82 36 0
-37 81 42 0
-38 85 33 0
-38 88 37 0
-38 87 43 0
-39 91 34 0
-39 92 40 0
-39 93 44 0
-40 97 35 0
-40 98 41 0
-40 100 39 0
-40 99 45 0
-41 103 36 0
-41 104 42 0
-41 106 40 0
-41 105 46 0
-42 109 37 0
-42 110 43 0
-42 112 41 0
-42 111 47 0
-43 115 38 0
-43 118 42 0
-43 117 48 0
-44 121 39 0
-44 122 45 0
-45 127 40 0
-45 128 46 0
-45 130 44 0
-46 133 41 0
-46 134 47 0
-46 136 45 0
-47 139 42 0
-47 140 48 0
-47 142 46 0
-48 145 43 0
-48 148 47 0
-30 2 31 0
-30 3 35 0
-31 8 32 0
-31 10 30 0
-31 9 36 0
-32 14 33 0
-32 16 31 0
-32 15 37 0
-33 20 34 0
-33 22 32 0
-33 21 38 0
-34 28 33 0
-34 27 39 0
-35 31 30 0
-35 32 36 0
-35 33 40 0
-36 37 31 0
-36 38 37 0
-36 40 35 0
-36 39 41 0
-37 43 32 0
-37 44 38 0
-37 46 36 0
-37 45 42 0
-38 49 33 0
-38 50 39 0
-38 52 37 0
-38 51 43 0
-39 55 34 0
-39 58 38 0
-39 57 44 0
-40 61 35 0
-40 62 41 0
-40 63 45 0
-41 67 36 0
-41 68 42 0
-41 70 40 0
-41 69 46 0
-42 73 37 0
-42 74 43 0
-42 76 41 0
-42 75 47 0
-43 79 38 0
-43 80 44 0
-43 82 42 0
-43 81 48 0
-44 85 39 0
-44 88 43 0
-44 87 49 0
-45 91 40 0
-45 92 46 0
-45 93 50 0
-46 97 41 0
-46 98 47 0
-46 100 45 0
-46 99 51 0
-47 103 42 0
-47 104 48 0
-47 106 46 0
-47 105 52 0
-48 109 43 0
-48 110 49 0
-48 112 47 0
-48 111 53 0
-49 115 44 0
-49 118 48 0
-49 117 54 0
-50 121 45 0
-50 122 51 0
-51 127 46 0
-51 128 52 0
-51 130 50 0
-52 133 47 0
-52 134 53 0
-52 136 51 0
-53 139 48 0
-53 140 54 0
-53 142 52 0
-54 145 49 0
-54 148 53 0
-36 2 37 0
-36 3 41 0
-37 8 38 0
-37 10 36 0
-37 9 42 0
-38 14 39 0
-38 16 37 0
-38 15 43 0
-39 20 40 0
-39 22 38 0
-39 21 44 0
-40 28 39 0
-40 27 45 0
-41 31 36 0
-41 32 42 0
-41 33 46 0
-42 37 37 0
-42 38 43 0
-42 40 41 0
-42 39 47 0
-43 43 38 0
-43 44 44 0
-43 46 42 0
-43 45 48 0
-44 49 39 0
-44 50 45 0
-44 52 43 0
-44 51 49 0
-45 55 40 0
-45 58 44 0
-45 57 50 0
-46 61 41 0
-46 62 47 0
-46 63 51 0
-47 67 42 0
-47 68 48 0
-47 70 46 0
-47 69 52 0
-48 73 43 0
-48 74 49 0
-48 76 47 0
-48 75 53 0
-49 79 44 0
-49 80 50 0
-49 82 48 0
-49 81 54 0
-50 85 45 0
-50 88 49 0
-50 87 55 0
-51 91 46 0
-51 92 52 0
-51 93 56 0
-52 97 47 0
-52 98 53 0
-52 100 51 0
-52 99 57 0
-53 103 48 0
-53 104 54 0
-53 106 52 0
-53 105 58 0
-54 109 49 0
-54 110 55 0
-54 112 53 0
-54 111 59 0
-55 115 50 0
-55 118 54 0
-55 117 60 0
-56 121 51 0
-56 122 57 0
-57 127 52 0
-57 128 58 0
-57 130 56 0
-58 133 53 0
-58 134 59 0
-58 136 57 0
-59 139 54 0
-59 140 60 0
-59 142 58 0
-60 145 55 0
-60 148 59 0
-42 2 43 0
-42 3 47 0
-43 8 44 0
-43 10 42 0
-43 9 48 0
-44 14 45 0
-44 16 43 0
-44 15 49 0
-45 20 46 0
-45 22 44 0
-45 21 50 0
-46 28 45 0
-46 27 51 0
-47 31 42 0
-47 32 48 0
-47 33 52 0
-48 37 43 0
-48 38 49 0
-48 40 47 0
-48 39 53 0
-49 43 44 0
-49 44 50 0
-49 46 48 0
-49 45 54 0
-50 49 45 0
-50 50 51 0
-50 52 49 0
-50 51 55 0
-51 55 46 0
-51 58 50 0
-51 57 56 0
-52 61 47 0
-52 62 53 0
-52 63 57 0
-53 67 48 0
-53 68 54 0
-53 70 52 0
-53 69 58 0
-54 73 49 0
-54 74 55 0
-54 76 53 0
-54 75 59 0
-55 79 50 0
-55 80 56 0
-55 82 54 0
-55 81 60 0
-56 85 51 0
-56 88 55 0
-56 87 61 0
-57 91 52 0
-57 92 58 0
-57 93 62 0
-58 97 53 0
-58 98 59 0
-58 100 57 0
-58 99 63 0
-59 103 54 0
-59 104 60 0
-59 106 58 0
-59 105 64 0
-60 109 55 0
-60 110 61 0
-60 112 59 0
-60 111 65 0
-61 115 56 0
-61 118 60 0
-61 117 66 0
-62 121 57 0
-62 122 63 0
-63 127 58 0
-63 128 64 0
-63 130 62 0
-64 133 59 0
-64 134 65 0
-64 136 63 0
-65 139 60 0
-65 140 66 0
-65 142 64 0
-66 145 61 0
-66 148 65 0
-48 2 49 0
-48 3 53 0
-49 8 50 0
-49 10 48 0
-49 9 54 0
-50 14 51 0
-50 16 49 0
-50 15 55 0
-51 20 52 0
-51 22 50 0
-51 21 56 0
-52 28 51 0
-52 27 57 0
-53 31 48 0
-53 32 54 0
-53 33 58 0
-54 37 49 0
-54 38 55 0
-54 40 53 0
-54 39 59 0
-55 43 50 0
-55 44 56 0
-55 46 54 0
-55 45 60 0
-56 49 51 0
-56 50 57 0
-56 52 55 0
-56 51 61 0
-57 55 52 0
-57 58 56 0
-57 57 62 0
-58 61 53 0
-58 62 59 0
-58 63 63 0
-59 67 54 0
-59 68 60 0
-59 70 58 0
-59 69 64 0
-60 73 55 0
-60 74 61 0
-60 76 59 0
-60 75 65 0
-61 79 56 0
-61 80 62 0
-61 82 60 0
-61 81 66 0
-62 85 57 0
-62 88 61 0
-62 87 67 0
-63 91 58 0
-63 92 64 0
-63 93 68 0
-64 97 59 0
-64 98 65 0
-64 100 63 0
-64 99 69 0
-65 103 60 0
-65 104 66 0
-65 106 64 0
-65 105 70 0
-66 109 61 0
-66 110 67 0
-66 112 65 0
-66 111 71 0
-67 115 62 0
-67 118 66 0
-67 117 72 0
-68 121 63 0
-68 122 69 0
-69 127 64 0
-69 128 70 0
-69 130 68 0
-70 133 65 0
-70 134 71 0
-70 136 69 0
-71 139 66 0
-71 140 72 0
-71 142 70 0
-72 145 67 0
-72 148 71 0
-54 2 55 0
-54 3 59 0
-55 8 56 0
-55 10 54 0
-55 9 60 0
-56 14 57 0
-56 16 55 0
-56 15 61 0
-57 20 58 0
-57 22 56 0
-57 21 62 0
-58 28 57 0
-58 27 63 0
-59 31 54 0
-59 32 60 0
-59 33 64 0
-60 37 55 0
-60 38 61 0
-60 40 59 0
-60 39 65 0
-61 43 56 0
-61 44 62 0
-61 46 60 0
-61 45 66 0
-62 49 57 0
-62 50 63 0
-62 52 61 0
-62 51 67 0
-63 55 58 0
-63 58 62 0
-63 57 68 0
-64 61 59 0
-64 62 65 0
-64 63 69 0
-65 67 60 0
-65 68 66 0
-65 70 64 0
-65 69 70 0
-66 73 61 0
-66 74 67 0
-66 76 65 0
-66 75 71 0
-67 79 62 0
-67 80 68 0
-67 82 66 0
-67 81 72 0
-68 85 63 0
-68 88 67 0
-68 87 73 0
-69 91 64 0
-69 92 70 0
-69 93 74 0
-70 97 65 0
-70 98 71 0
-70 100 69 0
-70 99 75 0
-71 103 66 0
-71 104 72 0
-71 106 70 0
-71 105 76 0
-72 109 67 0
-72 110 73 0
-72 112 71 0
-72 111 77 0
-73 115 68 0
-73 118 72 0
-73 117 78 0
-74 121 69 0
-74 122 75 0
-75 127 70 0
-75 128 76 0
-75 130 74 0
-76 133 71 0
-76 134 77 0
-76 136 75 0
-77 139 72 0
-77 140 78 0
-77 142 76 0
-78 145 73 0
-78 148 77 0
-60 2 61 0
-60 3 65 0
-61 8 62 0
-61 10 60 0
-61 9 66 0
-62 14 63 0
-62 16 61 0
-62 15 67 0
-63 20 64 0
-63 22 62 0
-63 21 68 0
-64 28 63 0
-64 27 69 0
-65 31 60 0
-65 32 66 0
-65 33 70 0
-66 37 61 0
-66 38 67 0
-66 40 65 0
-66 39 71 0
-67 43 62 0
-67 44 68 0
-67 46 66 0
-67 45 72 0
-68 49 63 0
-68 50 69 0
-68 52 67 0
-68 51 73 0
-69 55 64 0
-69 58 68 0
-69 57 74 0
-70 61 65 0
-70 62 71 0
-70 63 75 0
-71 67 66 0
-71 68 72 0
-71 70 70 0
-71 69 76 0
-72 73 67 0
-72 74 73 0
-72 76 71 0
-72 75 77 0
-73 79 68 0
-73 80 74 0
-73 82 72 0
-73 81 78 0
-74 85 69 0
-74 88 73 0
-74 87 79 0
-75 91 70 0
-75 92 76 0
-75 93 80 0
-76 97 71 0
-76 98 77 0
-76 100 75 0
-76 99 81 0
-77 103 72 0
-77 104 78 0
-77 106 76 0
-77 105 82 0
-78 109 73 0
-78 110 79 0
-78 112 77 0
-78 111 83 0
-79 115 74 0
-79 118 78 0
-79 117 84 0
-80 121 75 0
-80 122 81 0
-81 127 76 0
-81 128 82 0
-81 130 80 0
-82 133 77 0
-82 134 83 0
-82 136 81 0
-83 139 78 0
-83 140 84 0
-83 142 82 0
-84 145 79 0
-84 148 83 0
-66 2 67 0
-66 3 71 0
-67 8 68 0
-67 10 66 0
-67 9 72 0
-68 14 69 0
-68 16 67 0
-68 15 73 0
-69 20 70 0
-69 22 68 0
-69 21 74 0
-70 28 69 0
-70 27 75 0
-71 31 66 0
-71 32 72 0
-71 33 76 0
-72 37 67 0
-72 38 73 0
-72 40 71 0
-72 39 77 0
-73 43 68 0
-73 44 74 0
-73 46 72 0
-73 45 78 0
-74 49 69 0
-74 50 75 0
-74 52 73 0
-74 51 79 0
-75 55 70 0
-75 58 74 0
-75 57 80 0
-76 61 71 0
-76 62 77 0
-76 63 81 0
-77 67 72 0
-77 68 78 0
-77 70 76 0
-77 69 82 0
-78 73 73 0
-78 74 79 0
-78 76 77 0
-78 75 83 0
-79 79 74 0
-79 80 80 0
-79 82 78 0
-79 81 84 0
-80 85 75 0
-80 88 79 0
-80 87 85 0
-81 91 76 0
-81 92 82 0
-81 93 86 0
-82 97 77 0
-82 98 83 0
-82 100 81 0
-82 99 87 0
-83 103 78 0
-83 104 84 0
-83 106 82 0
-83 105 88 0
-84 109 79 0
-84 110 85 0
-84 112 83 0
-84 111 89 0
-85 115 80 0
-85 118 84 0
-85 117 90 0
-86 121 81 0
-86 122 87 0
-87 127 82 0
-87 128 88 0
-87 130 86 0
-88 133 83 0
-88 134 89 0
-88 136 87 0
-89 139 84 0
-89 140 90 0
-89 142 88 0
-90 145 85 0
-90 148 89 0
-72 2 73 0
-72 3 77 0
-73 8 74 0
-73 10 72 0
-73 9 78 0
-74 14 75 0
-74 16 73 0
-74 15 79 0
-75 20 76 0
-75 22 74 0
-75 21 80 0
-76 28 75 0
-76 27 81 0
-77 31 72 0
-77 32 78 0
-77 33 82 0
-78 37 73 0
-78 38 79 0
-78 40 77 0
-78 39 83 0
-79 43 74 0
-79 44 80 0
-79 46 78 0
-79 45 84 0
-80 49 75 0
-80 50 81 0
-80 52 79 0
-80 51 85 0
-81 55 76 0
-81 58 80 0
-81 57 86 0
-82 61 77 0
-82 62 83 0
-82 63 87 0
-83 67 78 0
-83 68 84 0
-83 70 82 0
-83 69 88 0
-84 73 79 0
-84 74 85 0
-84 76 83 0
-84 75 89 0
-85 79 80 0
-85 80 86 0
-85 82 84 0
-85 81 90 0
-86 85 81 0
-86 88 85 0
-86 87 91 0
-87 91 82 0
-87 92 88 0
-87 93 92 0
-88 97 83 0
-88 98 89 0
-88 100 87 0
-88 99 93 0
-89 103 84 0
-89 104 90 0
-89 106 88 0
-89 105 94 0
-90 109 85 0
-90 110 91 0
-90 112 89 0
-90 111 95 0
-91 115 86 0
-91 118 90 0
-91 117 96 0
-92 121 87 0
-92 122 93 0
-93 127 88 0
-93 128 94 0
-93 130 92 0
-94 133 89 0
-94 134 95 0
-94 136 93 0
-95 139 90 0
-95 140 96 0
-95 142 94 0
-96 145 91 0
-96 148 95 0
-78 2 79 0
-78 3 83 0
-79 8 80 0
-79 10 78 0
-79 9 84 0
-80 14 81 0
-80 16 79 0
-80 15 85 0
-81 20 82 0
-81 22 80 0
-81 21 86 0
-82 28 81 0
-82 27 87 0
-83 31 78 0
-83 32 84 0
-83 33 88 0
-84 37 79 0
-84 38 85 0
-84 40 83 0
-84 39 89 0
-85 43 80 0
-85 44 86 0
-85 46 84 0
-85 45 90 0
-86 49 81 0
-86 50 87 0
-86 52 85 0
-86 51 91 0
-87 55 82 0
-87 58 86 0
-87 57 92 0
-88 61 83 0
-88 62 89 0
-88 63 93 0
-89 67 84 0
-89 68 90 0
-89 70 88 0
-89 69 94 0
-90 73 85 0
-90 74 91 0
-90 76 89 0
-90 75 95 0
-91 79 86 0
-91 80 92 0
-91 82 90 0
-91 81 96 0
-92 85 87 0
-92 88 91 0
-92 87 97 0
-93 91 88 0
-93 92 94 0
-93 93 98 0
-94 97 89 0
-94 98 95 0
-94 100 93 0
-94 99 99 0
-95 103 90 0
-95 104 96 0
-95 106 94 0
-95 105 100 0
-96 109 91 0
-96 110 97 0
-96 112 95 0
-96 111 101 0
-97 115 92 0
-97 118 96 0
-97 117 102 0
-98 121 93 0
-98 122 99 0
-99 127 94 0
-99 128 100 0
-99 130 98 0
-100 133 95 0
-100 134 101 0
-100 136 99 0
-101 139 96 0
-101 140 102 0
-101 142 100 0
-102 145 97 0
-102 148 101 0
-84 2 85 0
-84 3 89 0
-85 8 86 0
-85 10 84 0
-85 9 90 0
-86 14 87 0
-86 16 85 0
-86 15 91 0
-87 20 88 0
-87 22 86 0
-87 21 92 0
-88 28 87 0
-88 27 93 0
-89 31 84 0
-89 32 90 0
-89 33 94 0
-90 37 85 0
-90 38 91 0
-90 40 89 0
-90 39 95 0
-91 43 86 0
-91 44 92 0
-91 46 90 0
-91 45 96 0
-92 49 87 0
-92 50 93 0
-92 52 91 0
-92 51 97 0
-93 55 88 0
-93 58 92 0
-93 57 98 0
-94 61 89 0
-94 62 95 0
-94 63 99 0
-95 67 90 0
-95 68 96 0
-95 70 94 0
-95 69 100 0
-96 73 91 0
-96 74 97 0
-96 76 95 0
-96 75 101 0
-97 79 92 0
-97 80 98 0
-97 82 96 0
-97 81 102 0
-98 85 93 0
-98 88 97 0
-98 87 103 0
-99 91 94 0
-99 92 100 0
-99 93 104 0
-100 97 95 0
-100 98 101 0
-100 100 99 0
-100 99 105 0
-101 103 96 0
-101 104 102 0
-101 106 100 0
-101 105 106 0
-102 109 97 0
-102 110 103 0
-102 112 101 0
-102 111 107 0
-103 115 98 0
-103 118 102 0
-103 117 108 0
-104 121 99 0
-104 122 105 0
-105 127 100 0
-105 128 106 0
-105 130 104 0
-106 133 101 0
-106 134 107 0
-106 136 105 0
-107 139 102 0
-107 140 108 0
-107 142 106 0
-108 145 103 0
-108 148 107 0
-90 2 91 0
-90 3 95 0
-91 8 92 0
-91 10 90 0
-91 9 96 0
-92 14 93 0
-92 16 91 0
-92 15 97 0
-93 20 94 0
-93 22 92 0
-93 21 98 0
-94 28 93 0
-94 27 99 0
-95 31 90 0
-95 32 96 0
-95 33 100 0
-96 37 91 0
-96 38 97 0
-96 40 95 0
-96 39 101 0
-97 43 92 0
-97 44 98 0
-97 46 96 0
-97 45 102 0
-98 49 93 0
-98 50 99 0
-98 52 97 0
-98 51 103 0
-99 55 94 0
-99 58 98 0
-99 57 104 0
-100 61 95 0
-100 62 101 0
-100 63 105 0
-101 67 96 0
-101 68 102 0
-101 70 100 0
-101 69 106 0
-102 73 97 0
-102 74 103 0
-102 76 101 0
-102 75 107 0
-103 79 98 0
-103 80 104 0
-103 82 102 0
-103 81 108 0
-104 85 99 0
-104 88 103 0
-104 87 109 0
-105 91 100 0
-105 92 106 0
-105 93 110 0
-106 97 101 0
-106 98 107 0
-106 100 105 0
-106 99 111 0
-107 103 102 0
-107 104 108 0
-107 106 106 0
-107 105 112 0
-108 109 103 0
-108 110 109 0
-108 112 107 0
-108 111 113 0
-109 115 104 0
-109 118 108 0
-109 117 114 0
-110 121 105 0
-110 122 111 0
-111 127 106 0
-111 128 112 0
-111 130 110 0
-112 133 107 0
-112 134 113 0
-112 136 111 0
-113 139 108 0
-113 140 114 0
-113 142 112 0
-114 145 109 0
-114 148 113 0
-96 2 97 0
-96 3 101 0
-97 8 98 0
-97 10 96 0
-97 9 102 0
-98 14 99 0
-98 16 97 0
-98 15 103 0
-99 20 100 0
-99 22 98 0
-99 21 104 0
-100 28 99 0
-100 27 105 0
-101 31 96 0
-101 32 102 0
-101 33 106 0
-102 37 97 0
-102 38 103 0
-102 40 101 0
-102 39 107 0
-103 43 98 0
-103 44 104 0
-103 46 102 0
-103 45 108 0
-104 49 99 0
-104 50 105 0
-104 52 103 0
-104 51 109 0
-105 55 100 0
-105 58 104 0
-105 57 110 0
-106 61 101 0
-106 62 107 0
-106 63 111 0
-107 67 102 0
-107 68 108 0
-107 70 106 0
-107 69 112 0
-108 73 103 0
-108 74 109 0
-108 76 107 0
-108 75 113 0
-109 79 104 0
-109 80 110 0
-109 82 108 0
-109 81 114 0
-110 85 105 0
-110 88 109 0
-110 87 115 0
-111 91 106 0
-111 92 112 0
-111 93 116 0
-112 97 107 0
-112 98 113 0
-112 100 111 0
-112 99 117 0
-113 103 108 0
-113 104 114 0
-113 106 112 0
-113 105 118 0
-114 109 109 0
-114 110 115 0
-114 112 113 0
-114 111 119 0
-115 115 110 0
-115 118 114 0
-115 117 120 0
-116 121 111 0
-116 122 117 0
-117 127 112 0
-117 128 118 0
-117 130 116 0
-118 133 113 0
-118 134 119 0
-118 136 117 0
-119 139 114 0
-119 140 120 0
-119 142 118 0
-120 145 115 0
-120 148 119 0
-102 2 103 0
-102 3 107 0
-103 8 104 0
-103 10 102 0
-103 9 108 0
-104 14 105 0
-104 16 103 0
-104 15 109 0
-105 20 106 0
-105 22 104 0
-105 21 110 0
-106 28 105 0
-106 27 111 0
-107 31 102 0
-107 32 108 0
-107 33 112 0
-108 37 103 0
-108 38 109 0
-108 40 107 0
-108 39 113 0
-109 43 104 0
-109 44 110 0
-109 46 108 0
-109 45 114 0
-110 49 105 0
-110 50 111 0
-110 52 109 0
-110 51 115 0
-111 55 106 0
-111 58 110 0
-111 57 116 0
-112 61 107 0
-112 62 113 0
-112 63 117 0
-113 67 108 0
-113 68 114 0
-113 70 112 0
-113 69 118 0
-114 73 109 0
-114 74 115 0
-114 76 113 0
-114 75 119 0
-115 79 110 0
-115 80 116 0
-115 82 114 0
-115 81 120 0
-116 85 111 0
-116 88 115 0
-116 87 121 0
-117 91 112 0
-117 92 118 0
-117 93 122 0
-118 97 113 0
-118 98 119 0
-118 100 117 0
-118 99 123 0
-119 103 114 0
-119 104 120 0
-119 106 118 0
-119 105 124 0
-120 109 115 0
-120 110 121 0
-120 112 119 0
-120 111 125 0
-121 115 116 0
-121 118 120 0
-121 117 126 0
-122 121 117 0
-122 122 123 0
-123 127 118 0
-123 128 124 0
-123 130 122 0
-124 133 119 0
-124 134 125 0
-124 136 123 0
-125 139 120 0
-125 140 126 0
-125 142 124 0
-126 145 121 0
-126 148 125 0
-108 2 109 0
-108 3 113 0
-109 8 110 0
-109 10 108 0
-109 9 114 0
-110 14 111 0
-110 16 109 0
-110 15 115 0
-111 20 112 0
-111 22 110 0
-111 21 116 0
-112 28 111 0
-112 27 117 0
-113 31 108 0
-113 32 114 0
-113 33 118 0
-114 37 109 0
-114 38 115 0
-114 40 113 0
-114 39 119 0
-115 43 110 0
-115 44 116 0
-115 46 114 0
-115 45 120 0
-116 49 111 0
-116 50 117 0
-116 52 115 0
-116 51 121 0
-117 55 112 0
-117 58 116 0
-117 57 122 0
-118 61 113 0
-118 62 119 0
-118 63 123 0
-119 67 114 0
-119 68 120 0
-119 70 118 0
-119 69 124 0
-120 73 115 0
-120 74 121 0
-120 76 119 0
-120 75 125 0
-121 79 116 0
-121 80 122 0
-121 82 120 0
-121 81 126 0
-122 85 117 0
-122 88 121 0
-122 87 127 0
-123 91 118 0
-123 92 124 0
-123 93 128 0
-124 97 119 0
-124 98 125 0
-124 100 123 0
-124 99 129 0
-125 103 120 0
-125 104 126 0
-125 106 124 0
-125 105 130 0
-126 109 121 0
-126 110 127 0
-126 112 125 0
-126 111 131 0
-127 115 122 0
-127 118 126 0
-127 117 132 0
-128 121 123 0
-128 122 129 0
-129 127 124 0
-129 128 130 0
-129 130 128 0
-130 133 125 0
-130 134 131 0
-130 136 129 0
-131 139 126 0
-131 140 132 0
-131 142 130 0
-132 145 127 0
-132 148 131 0
-114 2 115 0
-114 3 119 0
-115 8 116 0
-115 10 114 0
-115 9 120 0
-116 14 117 0
-116 16 115 0
-116 15 121 0
-117 20 118 0
-117 22 116 0
-117 21 122 0
-118 28 117 0
-118 27 123 0
-119 31 114 0
-119 32 120 0
-119 33 124 0
-120 37 115 0
-120 38 121 0
-120 40 119 0
-120 39 125 0
-121 43 116 0
-121 44 122 0
-121 46 120 0
-121 45 126 0
-122 49 117 0
-122 50 123 0
-122 52 121 0
-122 51 127 0
-123 55 118 0
-123 58 122 0
-123 57 128 0
-124 61 119 0
-124 62 125 0
-124 63 129 0
-125 67 120 0
-125 68 126 0
-125 70 124 0
-125 69 130 0
-126 73 121 0
-126 74 127 0
-126 76 125 0
-126 75 131 0
-127 79 122 0
-127 80 128 0
-127 82 126 0
-127 81 132 0
-128 85 123 0
-128 88 127 0
-128 87 133 0
-129 91 124 0
-129 92 130 0
-129 93 134 0
-130 97 125 0
-130 98 131 0
-130 100 129 0
-130 99 135 0
-131 103 126 0
-131 104 132 0
-131 106 130 0
-131 105 136 0
-132 109 127 0
-132 110 133 0
-132 112 131 0
-132 111 137 0
-133 115 128 0
-133 118 132 0
-133 117 138 0
-134 121 129 0
-134 122 135 0
-135 127 130 0
-135 128 136 0
-135 130 134 0
-136 133 131 0
-136 134 137 0
-136 136 135 0
-137 139 132 0
-137 140 138 0
-137 142 136 0
-138 145 133 0
-138 148 137 0
-120 2 121 0
-120 3 125 0
-121 8 122 0
-121 10 120 0
-121 9 126 0
-122 14 123 0
-122 16 121 0
-122 15 127 0
-123 20 124 0
-123 22 122 0
-123 21 128 0
-124 28 123 0
-124 27 129 0
-125 31 120 0
-125 32 126 0
-125 33 130 0
-126 37 121 0
-126 38 127 0
-126 40 125 0
-126 39 131 0
-127 43 122 0
-127 44 128 0
-127 46 126 0
-127 45 132 0
-128 49 123 0
-128 50 129 0
-128 52 127 0
-128 51 133 0
-129 55 124 0
-129 58 128 0
-129 57 134 0
-130 61 125 0
-130 62 131 0
-130 63 135 0
-131 67 126 0
-131 68 132 0
-131 70 130 0
-131 69 136 0
-132 73 127 0
-132 74 133 0
-132 76 131 0
-132 75 137 0
-133 79 128 0
-133 80 134 0
-133 82 132 0
-133 81 138 0
-134 85 129 0
-134 88 133 0
-134 87 139 0
-135 91 130 0
-135 92 136 0
-135 93 140 0
-136 97 131 0
-136 98 137 0
-136 100 135 0
-136 99 141 0
-137 103 132 0
-137 104 138 0
-137 106 136 0
-137 105 142 0
-138 109 133 0
-138 110 139 0
-138 112 137 0
-138 111 143 0
-139 115 134 0
-139 118 138 0
-139 117 144 0
-140 121 135 0
-140 122 141 0
-141 127 136 0
-141 128 142 0
-141 130 140 0
-142 133 137 0
-142 134 143 0
-142 136 141 0
-143 139 138 0
-143 140 144 0
-143 142 142 0
-144 145 139 0
-144 148 143 0
-126 2 127 0
-126 3 131 0
-127 8 128 0
-127 10 126 0
-127 9 132 0
-128 14 129 0
-128 16 127 0
-128 15 133 0
-129 20 130 0
-129 22 128 0
-129 21 134 0
-130 28 129 0
-130 27 135 0
-131 31 126 0
-131 32 132 0
-131 33 136 0
-132 37 127 0
-132 38 133 0
-132 40 131 0
-132 39 137 0
-133 43 128 0
-133 44 134 0
-133 46 132 0
-133 45 138 0
-134 49 129 0
-134 50 135 0
-134 52 133 0
-134 51 139 0
-135 55 130 0
-135 58 134 0
-135 57 140 0
-136 61 131 0
-136 62 137 0
-136 63 141 0
-137 67 132 0
-137 68 138 0
-137 70 136 0
-137 69 142 0
-138 73 133 0
-138 74 139 0
-138 76 137 0
-138 75 143 0
-139 79 134 0
-139 80 140 0
-139 82 138 0
-139 81 144 0
-140 85 135 0
-140 88 139 0
-140 87 145 0
-141 91 136 0
-141 92 142 0
-141 93 146 0
-142 97 137 0
-142 98 143 0
-142 100 141 0
-142 99 147 0
-143 103 138 0
-143 104 144 0
-143 106 142 0
-143 105 148 0
-144 109 139 0
-144 110 145 0
-144 112 143 0
-144 111 149 0
-145 115 140 0
-145 118 144 0
-145 117 150 0
-146 121 141 0
-146 122 147 0
-147 127 142 0
-147 128 148 0
-147 130 146 0
-148 133 143 0
-148 134 149 0
-148 136 147 0
-149 139 144 0
-149 140 150 0
-149 142 148 0
-150 145 145 0
-150 148 149 0
-132 2 133 0
-132 3 137 0
-133 8 134 0
-133 10 132 0
-133 9 138 0
-134 14 135 0
-134 16 133 0
-134 15 139 0
-135 20 136 0
-135 22 134 0
-135 21 140 0
-136 28 135 0
-136 27 141 0
-137 31 132 0
-137 32 138 0
-137 33 142 0
-138 37 133 0
-138 38 139 0
-138 40 137 0
-138 39 143 0
-139 43 134 0
-139 44 140 0
-139 46 138 0
-139 45 144 0
-140 49 135 0
-140 50 141 0
-140 52 139 0
-140 51 145 0
-141 55 136 0
-141 58 140 0
-141 57 146 0
-142 61 137 0
-142 62 143 0
-142 63 147 0
-143 67 138 0
-143 68 144 0
-143 70 142 0
-143 69 148 0
-144 73 139 0
-144 74 145 0
-144 76 143 0
-144 75 149 0
-145 79 140 0
-145 80 146 0
-145 82 144 0
-145 81 150 0
-146 85 141 0
-146 88 145 0
-146 87 151 0
-147 91 142 0
-147 92 148 0
-147 93 152 0
-148 97 143 0
-148 98 149 0
-148 100 147 0
-148 99 153 0
-149 103 144 0
-149 104 150 0
-149 106 148 0
-149 105 154 0
-150 109 145 0
-150 110 151 0
-150 112 149 0
-150 111 155 0
-151 115 146 0
-151 118 150 0
-151 117 156 0
-152 121 147 0
-152 122 153 0
-153 127 148 0
-153 128 154 0
-153 130 152 0
-154 133 149 0
-154 134 155 0
-154 136 153 0
-155 139 150 0
-155 140 156 0
-155 142 154 0
-156 145 151 0
-156 148 155 0
-138 2 139 0
-138 3 143 0
-139 8 140 0
-139 10 138 0
-139 9 144 0
-140 14 141 0
-140 16 139 0
-140 15 145 0
-141 20 142 0
-141 22 140 0
-141 21 146 0
-142 28 141 0
-142 27 147 0
-143 31 138 0
-143 32 144 0
-143 33 148 0
-144 37 139 0
-144 38 145 0
-144 40 143 0
-144 39 149 0
-145 43 140 0
-145 44 146 0
-145 46 144 0
-145 45 150 0
-146 49 141 0
-146 50 147 0
-146 52 145 0
-146 51 151 0
-147 55 142 0
-147 58 146 0
-147 57 152 0
-148 61 143 0
-148 62 149 0
-148 63 153 0
-149 67 144 0
-149 68 150 0
-149 70 148 0
-149 69 154 0
-150 73 145 0
-150 74 151 0
-150 76 149 0
-150 75 155 0
-151 79 146 0
-151 80 152 0
-151 82 150 0
-151 81 156 0
-152 85 147 0
-152 88 151 0
-152 87 157 0
-153 91 148 0
-153 92 154 0
-153 93 158 0
-154 97 149 0
-154 98 155 0
-154 100 153 0
-154 99 159 0
-155 103 150 0
-155 104 156 0
-155 106 154 0
-155 105 160 0
-156 109 151 0
-156 110 157 0
-156 112 155 0
-156 111 161 0
-157 115 152 0
-157 118 156 0
-157 117 162 0
-158 121 153 0
-158 122 159 0
-159 127 154 0
-159 128 160 0
-159 130 158 0
-160 133 155 0
-160 134 161 0
-160 136 159 0
-161 139 156 0
-161 140 162 0
-161 142 160 0
-162 145 157 0
-162 148 161 0
-144 2 145 0
-144 3 149 0
-145 8 146 0
-145 10 144 0
-145 9 150 0
-146 14 147 0
-146 16 145 0
-146 15 151 0
-147 20 148 0
-147 22 146 0
-147 21 152 0
-148 28 147 0
-148 27 153 0
-149 31 144 0
-149 32 150 0
-149 33 154 0
-150 37 145 0
-150 38 151 0
-150 40 149 0
-150 39 155 0
-151 43 146 0
-151 44 152 0
-151 46 150 0
-151 45 156 0
-152 49 147 0
-152 50 153 0
-152 52 151 0
-152 51 157 0
-153 55 148 0
-153 58 152 0
-153 57 158 0
-154 61 149 0
-154 62 155 0
-154 63 159 0
-155 67 150 0
-155 68 156 0
-155 70 154 0
-155 69 160 0
-156 73 151 0
-156 74 157 0
-156 76 155 0
-156 75 161 0
-157 79 152 0
-157 80 158 0
-157 82 156 0
-157 81 162 0
-158 85 153 0
-158 88 157 0
-158 87 163 0
-159 91 154 0
-159 92 160 0
-159 93 164 0
-160 97 155 0
-160 98 161 0
-160 100 159 0
-160 99 165 0
-161 103 156 0
-161 104 162 0
-161 106 160 0
-161 105 166 0
-162 109 157 0
-162 110 163 0
-162 112 161 0
-162 111 167 0
-163 115 158 0
-163 118 162 0
-163 117 168 0
-164 121 159 0
-164 122 165 0
-165 127 160 0
-165 128 166 0
-165 130 164 0
-166 133 161 0
-166 134 167 0
-166 136 165 0
-167 139 162 0
-167 140 168 0
-167 142 166 0
-168 145 163 0
-168 148 167 0
-150 2 151 0
-150 3 155 0
-151 8 152 0
-151 10 150 0
-151 9 156 0
-152 14 153 0
-152 16 151 0
-152 15 157 0
-153 20 154 0
-153 22 152 0
-153 21 158 0
-154 28 153 0
-154 27 159 0
-155 31 150 0
-155 32 156 0
-155 33 160 0
-156 37 151 0
-156 38 157 0
-156 40 155 0
-156 39 161 0
-157 43 152 0
-157 44 158 0
-157 46 156 0
-157 45 162 0
-158 49 153 0
-158 50 159 0
-158 52 157 0
-158 51 163 0
-159 55 154 0
-159 58 158 0
-159 57 164 0
-160 61 155 0
-160 62 161 0
-160 63 165 0
-161 67 156 0
-161 68 162 0
-161 70 160 0
-161 69 166 0
-162 73 157 0
-162 74 163 0
-162 76 161 0
-162 75 167 0
-163 79 158 0
-163 80 164 0
-163 82 162 0
-163 81 168 0
-164 85 159 0
-164 88 163 0
-164 87 169 0
-165 91 160 0
-165 92 166 0
-165 93 170 0
-166 97 161 0
-166 98 167 0
-166 100 165 0
-166 99 171 0
-167 103 162 0
-167 104 168 0
-167 106 166 0
-167 105 172 0
-168 109 163 0
-168 110 169 0
-168 112 167 0
-168 111 173 0
-169 115 164 0
-169 118 168 0
-169 117 174 0
-170 121 165 0
-170 122 171 0
-171 127 166 0
-171 128 172 0
-171 130 170 0
-172 133 167 0
-172 134 173 0
-172 136 171 0
-173 139 168 0
-173 140 174 0
-173 142 172 0
-174 145 169 0
-174 148 173 0
-5 -5 6 0
-5 -11 7 0
-5 -17 8 0
-5 -23 9 0
-5 -29 10 0
-5 -35 11 0
-5 -41 12 0
-5 -47 13 0
-5 -53 14 0
-5 -59 15 0
-5 -65 16 0
-5 -71 17 0
-5 -77 18 0
-5 -83 19 0
-5 -89 20 0
-5 -95 21 0
-5 -101 22 0
-5 -107 23 0
-5 -113 24 0
-5 -119 25 0
-5 -125 26 0
-5 -131 27 0
-5 -137 28 0
-5 -143 29 0
-5 -149 30 0
-11 -5 12 0
-11 -11 13 0
-11 -17 14 0
-11 -23 15 0
-11 -29 16 0
-11 -35 17 0
-11 -41 18 0
-11 -47 19 0
-11 -53 20 0
-11 -59 21 0
-11 -65 22 0
-11 -71 23 0
-11 -77 24 0
-11 -83 25 0
-11 -89 26 0
-11 -95 27 0
-11 -101 28 0
-11 -107 29 0
-11 -113 30 0
-11 -119 31 0
-11 -125 32 0
-11 -131 33 0
-11 -137 34 0
-11 -143 35 0
-11 -149 36 0
-17 -5 18 0
-17 -11 19 0
-17 -17 20 0
-17 -23 21 0
-17 -29 22 0
-17 -35 23 0
-17 -41 24 0
-17 -47 25 0
-17 -53 26 0
-17 -59 27 0
-17 -65 28 0
-17 -71 29 0
-17 -77 30 0
-17 -83 31 0
-17 -89 32 0
-17 -95 33 0
-17 -101 34 0
-17 -107 35 0
-17 -113 36 0
-17 -119 37 0
-17 -125 38 0
-17 -131 39 0
-17 -137 40 0
-17 -143 41 0
-17 -149 42 0
-23 -5 24 0
-23 -11 25 0
-23 -17 26 0
-23 -23 27 0
-23 -29 28 0
-23 -35 29 0
-23 -41 30 0
-23 -47 31 0
-23 -53 32 0
-23 -59 33 0
-23 -65 34 0
-23 -71 35 0
-23 -77 36 0
-23 -83 37 0
-23 -89 38 0
-23 -95 39 0
-23 -101 40 0
-23 -107 41 0
-23 -113 42 0
-23 -119 43 0
-23 -125 44 0
-23 -131 45 0
-23 -137 46 0
-23 -143 47 0
-23 -149 48 0
-29 -5 30 0
-29 -11 31 0
-29 -17 32 0
-29 -23 33 0
-29 -29 34 0
-29 -35 35 0
-29 -41 36 0
-29 -47 37 0
-29 -53 38 0
-29 -59 39 0
-29 -65 40 0
-29 -71 41 0
-29 -77 42 0
-29 -83 43 0
-29 -89 44 0
-29 -95 45 0
-29 -101 46 0
-29 -107 47 0
-29 -113 48 0
-29 -119 49 0
-29 -125 50 0
-29 -131 51 0
-29 -137 52 0
-29 -143 53 0
-29 -149 54 0
-35 -5 36 0
-35 -11 37 0
-35 -17 38 0
-35 -23 39 0
-35 -29 40 0
-35 -35 41 0
-35 -41 42 0
-35 -47 43 0
-35 -53 44 0
-35 -59 45 0
-35 -65 46 0
-35 -71 47 0
-35 -77 48 0
-35 -83 49 0
-35 -89 50 0
-35 -95 51 0
-35 -101 52 0
-35 -107 53 0
-35 -113 54 0
-35 -119 55 0
-35 -125 56 0
-35 -131 57 0
-35 -137 58 0
-35 -143 59 0
-35 -149 60 0
-41 -5 42 0
-41 -11 43 0
-41 -17 44 0
-41 -23 45 0
-41 -29 46 0
-41 -35 47 0
-41 -41 48 0
-41 -47 49 0
-41 -53 50 0
-41 -59 51 0
-41 -65 52 0
-41 -71 53 0
-41 -77 54 0
-41 -83 55 0
-41 -89 56 0
-41 -95 57 0
-41 -101 58 0
-41 -107 59 0
-41 -113 60 0
-41 -119 61 0
-41 -125 62 0
-41 -131 63 0
-41 -137 64 0
-41 -143 65 0
-41 -149 66 0
-47 -5 48 0
-47 -11 49 0
-47 -17 50 0
-47 -23 51 0
-47 -29 52 0
-47 -35 53 0
-47 -41 54 0
-47 -47 55 0
-47 -53 56 0
-47 -59 57 0
-47 -65 58 0
-47 -71 59 0
-47 -77 60 0
-47 -83 61 0
-47 -89 62 0
-47 -95 63 0
-47 -101 64 0
-47 -107 65 0
-47 -113 66 0
-47 -119 67 0
-47 -125 68 0
-47 -131 69 0
-47 -137 70 0
-47 -143 71 0
-47 -149 72 0
-53 -5 54 0
-53 -11 55 0
-53 -17 56 0
-53 -23 57 0
-53 -29 58 0
-53 -35 59 0
-53 -41 60 0
-53 -47 61 0
-53 -53 62 0
-53 -59 63 0
-53 -65 64 0
-53 -71 65 0
-53 -77 66 0
-53 -83 67 0
-53 -89 68 0
-53 -95 69 0
-53 -101 70 0
-53 -107 71 0
-53 -113 72 0
-53 -119 73 0
-53 -125 74 0
-53 -131 75 0
-53 -137 76 0
-53 -143 77 0
-53 -149 78 0
-59 -5 60 0
-59 -11 61 0
-59 -17 62 0
-59 -23 63 0
-59 -29 64 0
-59 -35 65 0
-59 -41 66 0
-59 -47 67 0
-59 -53 68 0
-59 -59 69 0
-59 -65 70 0
-59 -71 71 0
-59 -77 72 0
-59 -83 73 0
-59 -89 74 0
-59 -95 75 0
-59 -101 76 0
-59 -107 77 0
-59 -113 78 0
-59 -119 79 0
-59 -125 80 0
-59 -131 81 0
-59 -137 82 0
-59 -143 83 0
-59 -149 84 0
-65 -5 66 0
-65 -11 67 0
-65 -17 68 0
-65 -23 69 0
-65 -29 70 0
-65 -35 71 0
-65 -41 72 0
-65 -47 73 0
-65 -53 74 0
-65 -59 75 0
-65 -65 76 0
-65 -71 77 0
-65 -77 78 0
-65 -83 79 0
-65 -89 80 0
-65 -95 81 0
-65 -101 82 0
-65 -107 83 0
-65 -113 84 0
-65 -119 85 0
-65 -125 86 0
-65 -131 87 0
-65 -137 88 0
-65 -143 89 0
-65 -149 90 0
-71 -5 72 0
-71 -11 73 0
-71 -17 74 0
-71 -23 75 0
-71 -29 76 0
-71 -35 77 0
-71 -41 78 0
-71 -47 79 0
-71 -53 80 0
-71 -59 81 0
-71 -65 82 0
-71 -71 83 0
-71 -77 84 0
-71 -83 85 0
-71 -89 86 0
-71 -95 87 0
-71 -101 88 0
-71 -107 89 0
-71 -113 90 0
-71 -119 91 0
-71 -125 92 0
-71 -131 93 0
-71 -137 94 0
-71 -143 95 0
-71 -149 96 0
-77 -5 78 0
-77 -11 79 0
-77 -17 80 0
-77 -23 81 0
-77 -29 82 0
-77 -35 83 0
-77 -41 84 0
-77 -47 85 0
-77 -53 86 0
-77 -59 87 0
-77 -65 88 0
-77 -71 89 0
-77 -77 90 0
-77 -83 91 0
-77 -89 92 0
-77 -95 93 0
-77 -101 94 0
-77 -107 95 0
-77 -113 96 0
-77 -119 97 0
-77 -125 98 0
-77 -131 99 0
-77 -137 100 0
-77 -143 101 0
-77 -149 102 0
-83 -5 84 0
-83 -11 85 0
-83 -17 86 0
-83 -23 87 0
-83 -29 88 0
-83 -35 89 0
-83 -41 90 0
-83 -47 91 0
-83 -53 92 0
-83 -59 93 0
-83 -65 94 0
-83 -71 95 0
-83 -77 96 0
-83 -83 97 0
-83 -89 98 0
-83 -95 99 0
-83 -101 100 0
-83 -107 101 0
-83 -113 102 0
-83 -119 103 0
-83 -125 104 0
-83 -131 105 0
-83 -137 106 0
-83 -143 107 0
-83 -149 108 0
-89 -5 90 0
-89 -11 91 0
-89 -17 92 0
-89 -23 93 0
-89 -29 94 0
-89 -35 95 0
-89 -41 96 0
-89 -47 97 0
-89 -53 98 0
-89 -59 99 0
-89 -65 100 0
-89 -71 101 0
-89 -77 102 0
-89 -83 103 0
-89 -89 104 0
-89 -95 105 0
-89 -101 106 0
-89 -107 107 0
-89 -113 108 0
-89 -119 109 0
-89 -125 110 0
-89 -131 111 0
-89 -137 112 0
-89 -143 113 0
-89 -149 114 0
-95 -5 96 0
-95 -11 97 0
-95 -17 98 0
-95 -23 99 0
-95 -29 100 0
-95 -35 101 0
-95 -41 102 0
-95 -47 103 0
-95 -53 104 0
-95 -59 105 0
-95 -65 106 0
-95 -71 107 0
-95 -77 108 0
-95 -83 109 0
-95 -89 110 0
-95 -95 111 0
-95 -101 112 0
-95 -107 113 0
-95 -113 114 0
-95 -119 115 0
-95 -125 116 0
-95 -131 117 0
-95 -137 118 0
-95 -143 119 0
-95 -149 120 0
-101 -5 102 0
-101 -11 103 0
-101 -17 104 0
-101 -23 105 0
-101 -29 106 0
-101 -35 107 0
-101 -41 108 0
-101 -47 109 0
-101 -53 110 0
-101 -59 111 0
-101 -65 112 0
-101 -71 113 0
-101 -77 114 0
-101 -83 115 0
-101 -89 116 0
-101 -95 117 0
-101 -101 118 0
-101 -107 119 0
-101 -113 120 0
-101 -119 121 0
-101 -125 122 0
-101 -131 123 0
-101 -137 124 0
-101 -143 125 0
-101 -149 126 0
-107 -5 108 0
-107 -11 109 0
-107 -17 110 0
-107 -23 111 0
-107 -29 112 0
-107 -35 113 0
-107 -41 114 0
-107 -47 115 0
-107 -53 116 0
-107 -59 117 0
-107 -65 118 0
-107 -71 119 0
-107 -77 120 0
-107 -83 121 0
-107 -89 122 0
-107 -95 123 0
-107 -101 124 0
-107 -107 125 0
-107 -113 126 0
-107 -119 127 0
-107 -125 128 0
-107 -131 129 0
-107 -137 130 0
-107 -143 131 0
-107 -149 132 0
-113 -5 114 0
-113 -11 115 0
-113 -17 116 0
-113 -23 117 0
-113 -29 118 0
-113 -35 119 0
-113 -41 120 0
-113 -47 121 0
-113 -53 122 0
-113 -59 123 0
-113 -65 124 0
-113 -71 125 0
-113 -77 126 0
-113 -83 127 0
-113 -89 128 0
-113 -95 129 0
-113 -101 130 0
-113 -107 131 0
-113 -113 132 0
-113 -119 133 0
-113 -125 134 0
-113 -131 135 0
-113 -137 136 0
-113 -143 137 0
-113 -149 138 0
-119 -5 120 0
-119 -11 121 0
-119 -17 122 0
-119 -23 123 0
-119 -29 124 0
-119 -35 125 0
-119 -41 126 0
-119 -47 127 0
-119 -53 128 0
-119 -59 129 0
-119 -65 130 0
-119 -71 131 0
-119 -77 132 0
-119 -83 133 0
-119 -89 134 0
-119 -95 135 0
-119 -101 136 0
-119 -107 137 0
-119 -113 138 0
-119 -119 139 0
-119 -125 140 0
-119 -131 141 0
-119 -137 142 0
-119 -143 143 0
-119 -149 144 0
-125 -5 126 0
-125 -11 127 0
-125 -17 128 0
-125 -23 129 0
-125 -29 130 0
-125 -35 131 0
-125 -41 132 0
-125 -47 133 0
-125 -53 134 0
-125 -59 135 0
-125 -65 136 0
-125 -71 137 0
-125 -77 138 0
-125 -83 139 0
-125 -89 140 0
-125 -95 141 0
-125 -101 142 0
-125 -107 143 0
-125 -113 144 0
-125 -119 145 0
-125 -125 146 0
-125 -131 147 0
-125 -137 148 0
-125 -143 149 0
-125 -149 150 0
-131 -5 132 0
-131 -11 133 0
-131 -17 134 0
-131 -23 135 0
-131 -29 136 0
-131 -35 137 0
-131 -41 138 0
-131 -47 139 0
-131 -53 140 0
-131 -59 141 0
-131 -65 142 0
-131 -71 143 0
-131 -77 144 0
-131 -83 145 0
-131 -89 146 0
-131 -95 147 0
-131 -101 148 0
-131 -107 149 0
-131 -113 150 0
-131 -119 151 0
-131 -125 152 0
-131 -131 153 0
-131 -137 154 0
-131 -143 155 0
-131 -149 156 0
-137 -5 138 0
-137 -11 139 0
-137 -17 140 0
-137 -23 141 0
-137 -29 142 0
-137 -35 143 0
-137 -41 144 0
-137 -47 145 0
-137 -53 146 0
-137 -59 147 0
-137 -65 148 0
-137 -71 149 0
-137 -77 150 0
-137 -83 151 0
-137 -89 152 0
-137 -95 153 0
-137 -101 154 0
-137 -107 155 0
-137 -113 156 0
-137 -119 157 0
-137 -125 158 0
-137 -131 159 0
-137 -137 160 0
-137 -143 161 0
-137 -149 162 0
-143 -5 144 0
-143 -11 145 0
-143 -17 146 0
-143 -23 147 0
-143 -29 148 0
-143 -35 149 0
-143 -41 150 0
-143 -47 151 0
-143 -53 152 0
-143 -59 153 0
-143 -65 154 0
-143 -71 155 0
-143 -77 156 0
-143 -83 157 0
-143 -89 158 0
-143 -95 159 0
-143 -101 160 0
-143 -107 161 0
-143 -113 162 0
-143 -119 163 0
-143 -125 164 0
-143 -131 165 0
-143 -137 166 0
-143 -143 167 0
-143 -149 168 0
-149 -5 150 0
-149 -11 151 0
-149 -17 152 0
-149 -23 153 0
-149 -29 154 0
-149 -35 155 0
-149 -41 156 0
-149 -47 157 0
-149 -53 158 0
-149 -59 159 0
-149 -65 160 0
-149 -71 161 0
-149 -77 162 0
-149 -83 163 0
-149 -89 164 0
-149 -95 165 0
-149 -101 166 0
-149 -107 167 0
-149 -113 168 0
-149 -119 169 0
-149 -125 170 0
-149 -131 171 0
-149 -137 172 0
-149 -143 173 0
-149 -149 174 0
